51
848
847
849
849
847
849
849
847
848
849
848
849
849
846
849
850
848
849
849
848
849
848
849
847
848
849
849
848
849
848
848
850
847
849
849
849
848
849
848
848
849
847
849
850
848
849
849
847
848
849
848
848
849
848
849
850
848
849
850
850
849
850
851
849
851
851
848
851
851
848
849
851
849
850
849
849
850
850
846
853
849
848
853
848
849
853
848
850
851
847
848
850
851
850
849
848
849
849
848
849
849
849
849
849
849
849
849
850
849
849
847
849
849
848
849
849
845
849
849
845
848
849
848
848
849
848
849
849
848
847
849
848
849
849
848
849
849
848
849
849
849
848
849
849
848
848
849
849
849
848
846
847
849
846
848
849
846
848
848
847
848
850
848
848
850
849
849
850
850
848
850
851
849
850
848
849
849
851
848
849
850
849
853
851
849
853
849
848
853
849
849
853
849
849
851
849
848
851
848
849
849
847
849
849
848
848
849
847
849
849
849
848
849
848
848
849
850
849
849
847
849
848
847
849
849
847
849
849
845
849
848
846
848
849
848
849
849
848
849
849
848
849
848
848
845
849
848
848
848
849
846
848
848
848
849
849
848
847
849
849
848
848
846
848
849
848
848
849
849
848
849
848
848
850
849
849
849
851
849
850
848
848
851
851
849
851
851
848
852
851
848
850
851
848
850
849
849
853
848
