680
679
679
680
679
681
680
682
680
681
680
679
680
679
680
680
679
680
681
679
681
681
680
680
680
680
680
681
680
680
681
680
681
681
681
682
680
681
680
682
681
681
681
681
681
681
681
680
686
678
682
681
685
678
680
684
684
683
685
685
680
683
683
683
685
684
683
684
685
683
685
685
683
687
683
683
685
684
687
685
689
691
684
689
684
684
683
690
685
687
684
685
684
681
682
684
683
683
683
683
681
680
682
684
688
685
687
684
686
686
681
679
678
676
688
680
680
675
676
673
675
674
674
674
675
676
677
677
677
676
676
676
675
675
675
674
676
675
675
676
677
674
676
676
674
676
676
676
675
677
675
677
677
677
677
678
679
679
677
677
678
678
678
676
679
678
677
679
677
677
678
677
677
679
677
676
677
676
677
677
676
676
677
675
677
677
677
677
677
677
677
678
677
678
678
678
678
678
677
677
677
675
678
676
676
678
680
676
678
678
676
678
677
677
677
679
676
678
676
677
675
677
679
675
679
678
679
681
682
690
685
684
684
684
685
684
688
688
685
687
686
685
684
687
687
686
687
686
686
687
688
685
688
686
686
687
681
680
683
682
680
691
686
685
685
686
680
691
682
679
685
681
680
681
679
681
684
679
680
681
678
679
682
688
687
688
678
681
687
687
681
681
681
676
677
674
677
676
674
676
