767
768
768
768
768
766
768
769
765
768
768
768
769
768
768
768
768
768
768
768
768
769
769
769
768
768
768
768
768
769
768
768
768
767
768
768
768
768
769
768
768
768
768
768
769
768
768
770
768
769
770
770
768
770
771
769
771
770
769
771
770
768
770
770
769
772
769
769
771
769
769
771
768
770
771
768
769
770
771
769
769
768
769
769
768
770
769
768
769
769
768
770
769
769
769
769
769
770
770
769
770
770
769
770
769
768
769
770
768
768
769
768
767
767
766
767
766
766
767
765
766
764
768
768
767
767
767
766
766
767
766
765
767
767
765
769
768
768
768
766
768
767
766
767
767
767
767
767
767
767
767
767
766
769
767
766
767
767
765
767
765
764
767
764
765
766
764
764
767
764
764
765
763
765
765
765
765
765
764
765
764
765
765
767
766
766
767
766
767
767
765
767
767
765
766
767
764
767
767
764
767
767
766
766
766
767
767
766
765
765
764
764
764
763
764
764
765
765
765
765
765
763
765
765
763
765
766
765
766
766
764
765
766
764
766
766
765
766
766
767
765
767
767
766
767
766
765
767
765
764
767
765
766
767
766
766
767
765
766
767
765
765
767
764
766
766
764
766
766
765
766
766
766
765
766
766
765
766
765
766
766
763
766
766
763
765
766
763
766
766
765
766
765
764
765
763
764
765
765
766
