770
773
772
774
773
771
774
771
770
775
771
772
773
771
771
774
771
771
773
771
771
773
770
773
772
773
775
776
773
775
774
773
775
774
776
776
770
768
769
768
767
769
768
768
768
769
768
769
769
768
768
768
769
768
768
768
768
768
768
768
768
769
768
768
768
768
768
768
768
768
767
767
767
767
767
768
767
766
767
768
765
764
767
768
766
768
767
767
769
767
768
768
769
768
769
767
767
770
766
768
767
769
767
768
767
768
771
767
768
769
767
768
767
767
767
769
766
767
769
765
768
767
768
768
767
768
767
767
768
768
767
767
768
768
767
767
768
767
768
767
766
768
768
765
767
768
768
767
768
766
766
768
768
767
768
767
767
767
767
767
766
768
767
766
768
767
767
768
766
767
767
766
767
768
766
768
767
768
767
768
768
768
769
768
768
769
769
768
768
770
768
770
767
768
770
769
768
771
769
767
771
768
768
769
767
768
770
768
768
769
768
767
769
766
768
768
768
768
768
768
767
768
768
768
768
767
769
768
767
767
768
767
767
767
765
768
768
768
767
768
768
767
768
765
767
768
768
768
768
768
767
768
768
768
768
767
768
768
768
768
768
768
766
767
768
766
767
768
768
767
769
766
764
769
768
763
768
768
767
769
768
768
769
770
768
769
769
768
769
769
767
771
767
768
771
767
768
769
768
768
