613
614
613
614
613
614
614
612
614
613
614
614
614
613
614
614
614
614
614
613
613
614
613
613
614
613
615
613
614
614
614
614
614
615
614
615
615
615
614
615
615
614
615
615
614
615
615
614
615
615
614
616
614
614
615
614
614
614
614
614
615
613
614
614
613
613
614
614
614
615
613
614
614
615
614
614
614
614
615
614
615
614
614
614
615
613
614
615
613
615
614
612
614
614
614
614
614
613
613
614
614
614
614
615
612
615
614
614
614
614
612
613
614
613
614
613
614
614
614
614
613
615
613
614
614
613
614
614
614
614
615
614
614
614
615
614
614
616
614
615
614
614
615
615
614
615
614
614
615
614
615
615
614
615
615
615
614
615
614
614
615
612
614
613
612
610
610
609
609
609
609
611
613
614
614
614
614
614
614
613
615
614
614
614
615
614
614
615
612
615
614
613
614
615
614
614
615
613
614
614
615
614
615
615
612
615
614
615
614
615
613
615
614
614
615
614
615
614
615
614
614
615
614
615
614
614
615
615
615
615
615
614
614
616
615
615
615
616
615
616
615
614
617
615
615
616
615
615
616
615
614
616
614
615
615
615
615
615
615
614
615
615
614
615
614
616
615
615
615
615
614
615
615
615
615
615
613
615
615
615
614
615
613
615
615
613
615
615
614
615
615
614
615
615
614
615
615
615
615
615
