680
681
682
682
683
682
683
683
683
683
682
683
682
682
682
681
681
681
681
680
682
680
680
682
680
682
681
683
681
683
683
682
683
683
683
683
684
683
683
684
682
685
683
683
683
683
683
684
683
683
685
682
681
685
682
683
683
683
683
683
682
682
683
681
683
682
681
683
682
684
682
683
682
682
684
681
684
682
683
682
683
682
681
683
680
681
681
680
682
681
680
681
682
680
681
682
680
682
681
680
681
681
681
680
682
681
682
681
681
681
681
682
680
680
681
679
681
681
680
681
681
680
680
682
680
681
681
681
682
681
682
681
681
683
680
683
681
681
682
682
682
682
682
681
683
682
680
683
680
681
683
680
682
681
681
681
682
680
681
682
679
682
681
681
681
681
682
681
682
681
681
682
681
682
681
681
681
681
681
681
683
679
682
683
680
683
682
681
682
683
680
682
683
681
682
681
682
682
681
682
681
682
681
682
682
681
682
680
682
679
680
680
678
680
681
680
680
682
681
681
682
680
683
681
682
681
682
683
680
682
681
681
681
682
680
682
682
680
683
683
680
683
681
682
689
682
681
683
680
681
683
681
682
681
680
681
689
677
680
680
679
680
677
680
678
679
678
683
680
680
680
679
681
683
686
683
683
684
681
683
683
681
682
683
681
683
683
682
684
684
684
684
682
683
684
684
683
685
683
684
