822
824
826
823
826
826
824
826
825
824
825
824
823
824
825
823
828
823
824
827
823
823
827
824
824
826
823
824
825
822
825
825
822
824
825
824
826
824
826
824
824
824
823
824
823
824
824
823
824
825
821
824
824
823
824
824
821
824
824
822
824
822
822
825
824
824
824
823
824
824
824
824
824
823
824
822
823
825
823
823
825
822
824
824
822
823
824
822
824
824
824
824
824
824
820
825
826
825
826
827
824
826
826
824
827
826
824
828
825
824
826
824
824
828
825
824
827
823
825
826
822
824
825
822
824
825
823
825
824
824
824
824
824
824
825
824
824
825
823
824
824
823
824
825
821
824
825
821
824
824
821
824
825
822
824
824
824
824
825
824
825
824
824
820
824
824
823
824
824
824
823
825
823
823
825
822
824
824
827
824
824
822
823
824
824
824
825
825
824
826
827
824
826
827
823
825
826
825
828
825
824
829
824
824
828
824
824
827
824
824
827
824
825
826
822
825
825
825
824
824
823
824
825
824
824
825
824
825
824
826
824
824
821
824
825
822
825
824
823
824
823
821
823
825
822
824
824
824
824
824
822
824
824
824
824
824
824
820
824
824
824
822
824
823
823
824
822
823
825
822
823
824
822
822
824
822
824
824
824
824
825
826
824
826
826
825
826
826
824
826
826
824
827
827
824
826
825
824
829
824
