736
738
738
736
738
738
736
738
738
736
738
738
737
738
738
738
736
737
738
738
739
737
738
737
737
738
736
738
736
737
737
736
737
737
736
736
738
737
738
738
736
738
737
738
737
739
738
737
739
739
738
739
739
738
739
739
738
741
738
738
738
739
739
740
739
738
741
738
738
741
738
738
739
738
738
739
737
739
739
736
739
739
738
738
739
738
738
739
738
739
738
736
739
739
738
739
739
737
739
738
736
739
739
736
738
739
736
739
739
738
739
740
740
740
739
740
739
740
740
740
739
741
741
742
744
744
743
741
742
740
743
744
743
744
742
747
749
749
749
745
748
739
744
745
741
743
745
746
750
737
735
737
738
737
739
741
754
741
741
743
740
741
747
739
737
738
738
738
736
740
737
738
739
737
738
739
736
737
739
737
735
735
734
736
735
737
735
736
736
735
737
736
737
737
738
739
737
738
736
737
735
737
737
736
737
737
736
738
738
736
738
738
736
739
738
738
737
741
737
740
737
738
736
737
739
738
740
739
738
737
738
736
736
738
736
737
737
736
735
739
740
736
739
738
738
738
737
738
739
738
738
739
738
738
739
739
739
740
739
738
741
739
738
741
737
739
741
739
738
741
739
738
741
738
739
739
740
738
738
737
738
739
736
739
738
737
738
739
738
738
738
740
738
738
738
738
738
738
739
740
