75
875
876
874
875
877
874
874
878
876
877
877
876
876
877
878
876
878
879
877
878
879
876
878
878
876
879
878
876
881
878
876
879
877
877
879
875
876
879
875
876
879
875
876
879
875
876
878
874
877
877
874
876
876
875
877
876
876
877
876
876
876
876
874
879
876
876
876
876
876
876
876
875
879
877
875
876
876
873
876
876
873
876
876
872
876
877
876
876
877
874
876
877
876
872
876
876
872
876
876
872
876
877
876
876
877
875
878
876
876
875
876
875
875
877
876
876
876
874
875
876
874
876
877
874
876
878
876
876
877
878
876
877
878
876
878
878
876
878
879
876
879
879
876
879
878
876
879
877
876
877
877
876
881
877
877
878
877
877
879
876
876
879
875
876
879
875
877
877
874
877
877
875
877
877
876
879
876
875
877
877
876
876
877
876
877
876
875
876
876
875
876
877
875
877
877
873
876
877
873
876
876
873
876
875
874
877
877
874
877
876
876
872
877
876
877
877
877
877
876
877
876
876
877
876
876
876
876
876
877
875
875
877
874
876
877
874
876
877
879
875
878
876
876
877
876
869
877
878
876
878
876
872
878
879
877
879
879
877
879
879
876
879
879
877
881
878
876
881
877
876
881
877
876
879
876
876
879
876
877
879
876
877
879
875
877
879
874
877
877
876
877
877
876
877
877
876
876
876
876
