756
755
756
755
755
755
756
756
755
756
755
757
755
756
756
754
756
756
756
755
757
756
755
756
756
754
754
752
752
753
752
752
754
751
752
755
752
752
754
754
753
756
754
755
756
757
752
755
755
754
757
755
754
757
754
756
759
756
754
757
755
756
759
755
755
758
756
754
759
754
754
757
754
755
755
753
754
758
755
755
755
757
756
756
754
755
755
755
755
753
754
754
754
753
754
753
754
753
754
753
753
754
753
754
753
752
754
753
753
753
753
752
753
753
752
754
752
752
753
754
752
753
754
753
754
753
753
753
753
754
753
753
753
755
752
754
752
754
754
754
754
756
758
754
756
753
756
756
755
753
754
752
753
754
754
754
754
754
753
754
753
752
753
755
753
753
754
752
754
754
752
754
754
753
754
754
752
755
754
752
753
753
752
756
753
752
755
752
752
755
751
752
755
751
753
753
751
752
753
751
752
753
752
752
752
753
752
752
752
752
752
751
754
751
752
752
752
750
752
752
751
752
752
752
752
752
751
752
752
750
753
752
750
753
752
752
752
753
752
753
753
752
752
751
753
752
752
752
752
753
753
752
752
753
752
752
753
751
752
752
751
753
752
752
752
753
751
752
753
751
752
753
751
751
753
752
752
753
752
752
753
753
752
753
754
752
754
754
753
754
753
753
755
755
752
755
754
752
755
753
