736
739
737
738
739
737
738
739
737
739
742
736
737
739
737
739
737
737
738
737
739
737
738
737
737
738
736
738
737
737
738
737
736
737
737
736
738
738
734
737
736
736
737
736
736
737
738
736
737
738
737
738
738
738
738
737
738
737
738
738
737
738
738
738
737
738
736
739
739
736
737
738
736
738
738
737
737
738
737
737
738
737
738
739
738
738
739
739
737
739
739
738
740
740
740
741
741
739
741
738
739
740
740
739
740
738
738
741
738
737
739
737
737
739
737
736
739
736
737
737
736
738
737
736
737
737
738
737
737
737
738
737
737
737
737
736
737
737
735
737
737
735
736
738
735
737
737
736
737
737
736
737
737
737
737
737
737
737
736
737
737
736
737
737
737
737
737
736
737
736
737
737
736
737
737
737
736
738
736
737
737
736
737
738
736
736
738
737
734
738
737
738
738
737
737
739
739
738
739
739
738
738
740
737
739
739
737
740
738
738
738
739
737
741
738
738
739
737
738
738
738
737
739
738
738
739
738
738
738
736
738
738
737
737
738
737
738
738
738
738
737
738
737
738
738
738
738
737
738
738
737
738
737
736
737
738
736
738
738
736
738
737
736
737
738
738
738
738
737
738
737
738
738
738
738
738
738
738
736
738
738
737
738
738
737
737
739
736
738
738
737
738
738
737
738
739
737
737
739
738
