33
635
634
635
634
635
635
635
635
634
635
634
635
635
634
635
635
634
635
636
633
636
634
634
634
635
634
635
635
634
635
634
635
635
635
635
635
635
635
634
634
635
634
635
635
635
635
635
635
635
635
634
635
635
636
634
635
634
634
636
634
635
635
635
634
636
634
635
635
635
635
635
636
634
636
636
635
636
635
635
636
635
635
636
635
635
635
636
635
636
635
635
636
636
635
636
635
635
637
635
635
636
635
635
636
636
635
637
635
636
636
635
636
635
635
635
635
634
635
635
634
635
634
635
635
635
634
635
635
635
636
635
636
635
635
636
635
636
635
636
635
635
635
635
635
635
636
634
636
635
634
636
635
634
635
636
634
636
635
634
636
635
635
635
635
636
635
635
635
636
635
636
636
635
636
635
635
635
636
635
635
636
636
636
635
635
636
634
636
635
635
635
636
635
635
637
635
635
635
635
635
636
635
635
636
635
636
636
636
636
636
637
635
636
636
635
637
636
636
636
637
636
636
637
635
638
636
636
638
636
636
637
637
636
637
636
635
638
635
636
637
636
636
636
636
636
637
635
636
637
635
636
636
635
636
637
636
636
636
635
636
636
636
637
636
637
636
637
637
637
637
636
637
636
636
636
636
636
636
637
635
637
636
636
636
637
636
636
637
635
637
635
636
637
637
636
636
638
636
636
