807
809
806
805
809
808
808
810
809
808
810
808
809
809
809
809
810
812
809
811
811
809
811
809
809
813
811
809
813
810
809
813
811
810
813
810
809
813
809
810
811
809
809
811
808
809
810
808
810
810
808
810
810
808
809
809
808
807
807
805
808
808
808
808
808
809
809
809
807
809
809
807
809
809
808
809
808
809
810
809
808
809
810
808
810
810
808
810
810
809
810
809
809
809
808
809
810
810
810
810
808
810
809
809
810
807
809
810
810
808
811
808
808
811
808
809
810
810
810
812
811
809
810
811
810
811
812
810
813
813
809
814
811
810
813
811
810
814
811
810
812
809
810
813
813
811
811
810
809
811
808
810
811
808
810
810
809
812
810
809
810
810
810
811
810
810
809
810
808
810
810
809
811
810
807
810
810
809
810
810
807
811
810
808
811
810
810
811
812
812
812
812
812
812
812
810
810
809
810
809
808
809
809
810
809
807
808
810
807
808
809
807
808
810
809
808
811
808
810
811
808
809
810
812
808
811
812
812
815
815
814
821
821
818
814
819
812
814
819
814
815
815
817
818
814
813
818
812
815
815
814
814
815
811
814
815
813
813
813
811
815
813
813
813
813
813
815
814
814
815
814
814
814
813
812
815
813
811
813
813
810
812
813
809
813
813
812
814
816
812
815
814
813
814
813
814
815
816
816
815
