868
866
868
867
871
868
870
868
868
868
868
867
868
867
865
868
864
864
867
867
871
864
869
866
865
867
866
866
867
866
867
867
867
865
867
866
870
864
868
866
865
867
867
867
866
867
866
868
866
866
867
867
870
864
867
866
867
867
867
869
867
867
867
867
868
866
867
868
868
865
865
867
867
870
866
867
867
866
867
867
865
869
867
867
868
867
866
867
867
870
867
870
867
866
866
866
866
867
867
867
868
864
866
867
867
871
864
867
867
865
866
867
866
867
867
867
868
864
865
867
866
871
864
867
867
865
867
867
868
867
867
867
867
866
865
867
867
871
864
867
867
866
867
867
867
868
868
867
868
865
867
867
866
870
864
866
867
866
869
866
867
868
866
868
867
868
866
867
867
868
865
867
867
867
869
866
869
866
867
867
868
869
867
867
867
869
866
866
867
866
871
865
866
867
865
866
867
866
867
866
866
867
868
864
867
867
869
867
869
867
867
867
867
867
867
867
867
868
865
864
866
866
871
864
869
865
865
867
867
868
867
867
867
867
866
865
867
868
869
866
868
867
867
867
868
865
866
867
867
867
