612
608
610
614
608
609
613
610
607
613
612
607
612
613
607
613
613
607
612
613
606
611
614
606
611
614
606
610
614
607
610
614
606
609
614
608
609
613
608
609
614
607
608
614
607
608
614
608
608
613
608
607
614
609
607
613
610
607
613
610
607
613
611
607
613
611
607
612
611
607
613
612
607
612
612
606
612
612
606
612
612
605
611
612
606
611
612
606
612
612
606
612
613
606
612
612
607
612
613
608
612
612
608
613
611
607
613
612
607
614
611
609
614
611
608
614
610
609
614
609
610
614
607
610
613
607
609
614
607
612
613
607
611
613
607
611
612
607
612
612
607
613
611
607
614
611
608
613
610
607
613
609
608
613
608
610
613
608
609
612
607
610
613
608
611
612
607
611
613
606
611
613
607
611
613
607
612
613
607
612
612
607
612
613
607
612
612
606
613
612
606
612
611
606
613
611
607
613
611
607
613
611
607
613
611
608
614
611
607
614
610
609
614
611
609
614
611
609
614
610
609
614
611
609
614
611
609
615
611
609
615
609
608
614
609
608
615
609
609
615
608
610
614
608
610
614
607
611
614
607
611
615
607
610
613
608
610
614
607
612
613
608
611
613
608
612
612
608
612
611
608
612
610
608
612
609
609
613
609
608
613
609
608
614
608
608
613
608
609
613
609
608
613
608
608
613
608
608
613
609
