48
846
844
847
843
846
847
846
846
845
846
847
845
847
846
846
847
845
846
844
846
844
844
847
843
845
847
844
846
846
846
848
846
845
844
848
846
846
847
845
847
848
845
848
847
849
847
846
849
846
848
849
846
848
847
847
851
847
847
846
847
847
851
847
845
851
847
846
851
845
848
847
845
847
847
846
845
847
845
847
849
848
847
847
847
847
846
846
846
847
846
846
847
848
847
847
843
848
846
847
846
846
847
846
847
845
847
847
843
848
846
844
846
847
844
846
848
844
847
847
844
847
845
846
846
847
848
847
848
845
847
847
846
844
845
847
846
845
847
846
848
846
847
847
846
845
844
847
845
846
848
844
846
846
845
846
847
846
845
848
846
847
848
845
848
847
848
848
847
850
846
849
850
844
848
849
847
850
846
847
847
849
846
850
849
846
851
847
846
851
846
847
850
847
848
847
848
847
847
847
846
847
848
848
847
847
849
846
845
847
847
847
848
848
849
847
848
846
847
846
848
849
846
847
846
847
846
847
847
843
848
847
844
848
846
844
847
847
844
846
849
844
847
848
847
848
846
846
847
847
848
847
848
846
845
847
847
848
846
848
846
848
848
846
848
847
844
846
846
848
846
847
845
845
849
844
848
847
846
848
846
846
841
847
848
846
849
848
847
849
847
848
848
847
846
848
847
846
850
849
