46
848
853
849
848
854
849
849
853
848
849
851
849
849
851
848
849
850
847
849
850
848
850
849
848
850
849
847
849
849
850
849
849
850
850
849
848
851
850
847
849
849
847
849
850
847
850
850
848
849
849
848
850
850
848
849
850
848
849
849
848
845
849
849
850
850
849
849
849
849
849
848
849
849
848
849
849
848
849
852
848
850
848
848
849
848
850
850
848
848
850
849
849
850
850
850
851
852
849
851
851
850
852
851
849
852
851
849
851
850
849
853
849
849
853
850
849
851
848
850
851
848
849
851
849
849
850
848
849
849
848
850
850
849
849
849
847
850
849
845
850
849
849
850
849
847
849
850
847
849
849
847
849
850
850
849
849
848
849
850
848
849
849
848
849
849
850
850
850
849
849
849
849
851
850
849
848
849
850
852
849
849
848
849
849
849
848
850
848
848
850
848
849
850
848
849
851
852
849
851
852
849
851
852
850
851
851
849
853
851
850
851
851
850
853
851
847
853
850
850
852
849
849
851
849
849
851
847
849
850
848
849
850
848
852
850
849
849
850
849
849
850
850
849
850
851
849
850
847
849
849
847
850
850
846
849
849
848
849
849
848
850
849
848
850
850
848
846
849
850
849
849
850
850
850
850
849
848
849
849
848
849
848
848
850
847
848
849
849
848
850
850
849
850
849
849
850
850
849
850
