605
604
608
605
605
608
604
606
609
604
607
608
604
607
606
604
608
605
605
608
604
606
608
604
607
608
604
608
607
605
608
606
605
609
606
606
609
605
606
609
604
607
609
603
608
607
605
608
607
606
608
606
606
609
605
607
609
605
607
608
605
608
606
606
608
605
606
609
605
607
608
604
607
608
604
608
607
605
609
606
605
610
604
606
609
604
607
609
604
608
609
604
608
608
604
609
607
605
609
606
606
609
605
607
609
605
608
608
605
609
607
605
608
605
606
609
604
607
609
604
608
609
604
608
607
605
609
607
606
609
605
608
609
605
608
608
606
609
608
606
609
606
606
609
606
607
609
604
609
609
605
609
607
605
609
606
605
610
606
606
609
604
606
609
604
608
609
605
608
608
605
608
606
605
609
605
605
609
604
606
609
605
606
608
605
606
608
604
608
606
605
608
605
605
609
605
607
609
602
608
608
603
608
607
605
609
606
606
609
605
606
609
604
606
608
604
607
608
605
608
607
605
609
606
606
609
605
607
610
605
608
609
605
609
609
606
609
607
606
611
606
607
611
605
608
611
605
609
609
605
609
607
606
610
606
606
610
606
607
610
606
608
608
605
609
607
606
609
606
607
610
605
608
608
605
608
607
605
609
606
606
609
605
606
610
604
607
610
604
608
609
604
607
608
605
608
606
606
610
606
