556
559
560
558
559
560
558
560
559
558
559
559
558
560
558
559
560
558
559
559
558
559
559
558
559
560
558
560
559
558
560
559
557
560
558
558
561
558
558
560
557
559
561
557
559
560
557
559
561
557
559
560
557
560
560
557
559
559
558
560
559
558
559
559
557
560
558
558
559
558
558
559
558
558
560
558
558
560
558
559
560
557
559
560
558
559
560
558
560
560
558
560
559
559
560
558
559
561
558
559
561
558
560
561
558
559
560
558
560
561
558
560
561
557
560
560
558
560
559
558
561
558
559
560
559
559
561
559
560
560
559
559
560
558
559
560
559
560
560
559
560
559
559
561
559
560
560
559
560
560
559
560
560
558
560
560
558
560
560
559
560
560
558
561
559
558
561
560
559
561
559
558
561
559
558
561
559
558
561
559
558
561
558
559
561
558
559
561
558
559
561
558
559
561
559
560
561
558
561
561
559
560
560
559
561
561
559
561
560
559
561
560
560
561
561
559
560
560
559
561
559
559
560
559
559
561
559
560
561
559
560
561
559
559
561
559
560
561
559
560
560
559
561
560
558
561
560
559
560
560
559
561
559
559
561
559
559
561
559
560
561
558
560
562
558
560
560
558
561
560
558
561
560
559
560
560
559
561
559
559
561
559
559
560
559
560
560
559
560
560
559
561
559
559
561
559
558
561
559
560
