782
782
785
782
784
783
782
786
783
782
787
783
783
786
783
784
785
784
782
783
783
782
787
783
780
785
783
784
783
781
784
783
782
782
783
782
782
784
782
783
783
782
785
782
784
783
783
783
783
784
781
783
784
781
784
783
780
783
782
781
782
783
781
782
784
779
784
783
780
783
782
784
782
783
782
782
784
780
783
783
782
782
782
783
780
783
783
781
784
782
780
783
782
784
780
783
784
781
784
780
782
782
781
784
782
783
782
783
782
781
785
782
783
784
784
784
783
785
784
783
786
782
784
785
781
787
783
784
786
781
784
785
783
783
786
783
781
785
783
782
786
782
781
785
781
784
783
782
783
783
782
782
783
782
783
784
781
783
783
781
784
783
783
783
783
784
783
782
784
782
783
782
783
784
781
783
783
779
784
782
779
784
782
780
784
782
784
783
783
781
781
784
781
782
784
780
783
782
781
780
782
783
783
782
783
782
781
784
781
782
783
782
783
782
781
783
781
781
782
783
782
781
784
781
782
784
780
782
784
781
782
783
781
784
783
784
783
783
783
782
783
785
782
785
783
782
784
783
783
783
783
784
783
783
783
786
783
783
786
783
783
785
782
783
785
781
784
783
781
784
783
785
783
783
782
782
783
782
782
783
783
783
784
782
784
782
782
784
781
784
783
782
783
782
783
782
782
784
780
784
